0 0.3719345600307882 0.035387670913335285 0.2708207360684538 -0.05669674305698159 0.06821848143085274 0.4446285323577358 0.16933230539318714 0.5367129463280527
0 0.5867101158915501 0.6606232143197844 0.532870753513372 0.4692913614039799 0.19307692307692312 0.6847575057736722 0.24691628545510114 0.8760893586894768
0 0.3165660402285564 0.8195862590075731 0.17404201208838402 0.675169590770851 0.11135977804934451 0.8145706757948035 0.2538838061895169 0.9589873440315256
0 0.6143070936845255 0.28820733099091483 0.6019904220293325 -0.007620348487163125 0.5198593235558215 0.0000853694700802429 0.5321759952110147 0.29591304894815823
0 1.0781528902185031 0.6084495657914588 0.9882910055399673 0.48496729931633453 0.7863381980371131 0.816153128764802 0.8762000827156488 0.9396353952399261
0 0.7697990246301379 0.835111185482214 0.7078146797262406 0.7434116157545885 0.5430942174501044 0.9943188543459724 0.6050785623540017 1.086018424073598
0 0.04386111908177907 0.4117413792532165 0.042322834124268835 0.10692648467036225 -0.001538284957510226 0.10742529017465151 3.4160708450004817e-19 0.4122401847575058
0 0.1571374243733795 0.7448893271401511 0.000027657735522962614 0.7224277966629473 -0.007785652549697434 0.8455821677868024 0.14932411408815913 0.8680436982640062
0 0.186923076923077 0.8371824480369515 0.08615384615384623 0.8371824480369515 0.08615384615384625 0.9988452655889145 0.186923076923077 0.9988452655889145
0 0.18812018099547514 0.5298187746230132 0.0037002714932126844 0.4045803559299009 -0.031294117647058806 0.5207037087352263 0.15312579185520367 0.6459421274283386
0 0.4809604050173795 0.09260221327876515 0.3874376605712558 0.004207180678502888 0.1609422699108357 0.5442145310507857 0.2544650143569594 0.6326095636510479
0 0.6478628250141177 0.3784803282350072 0.5953185690785435 0.21847258086273735 0.24439772643570923 0.4781560590569435 0.2969419823712834 0.6381638064292134
0 0.961106246396909 0.02660029068339604 0.9271318614543247 -0.08595321840408549 0.6898928031660461 0.07541933676097104 0.7238671881086304 0.18797284584845256
0 0.900614187601933 0.5870542165887336 0.675892538117397 0.09772301018888598 0.5762382954528451 0.20085388802512796 0.8009599449373812 0.6901850944249754
0 1.0401277679943046 0.1471962958504931 0.997296451721683 -0.004543286510249708 0.7484769005957511 0.15372647924684082 0.7913082168683727 0.30546606160758366
0 0.7556510243255166 0.5112201843400503 0.6372692472640057 0.4024354795334667 0.4180185010281744 0.9400970771465009 0.5364002780896852 1.0488817819530845