2 0.44916108667585725 0.13307139389548198 0.39164378141024236 -0.021811807211925344 0.19070110943346683 0.21403029323115105 0.24821841469908168 0.3689134943385584
2 0.4527207937824471 0.7520268143915736 0.36620472767486867 0.33969492485758274 0.25059925352502077 0.41635746150721736 0.33711531963259916 0.8286893510412081
2 0.38839574278390737 0.6934185271864979 0.17026774768750702 0.6183637331748332 0.14305276941936926 0.8683383483784688 0.3611807645157697 0.9433931423901336
2 0.9622511239563263 0.01892528366516829 0.8047607578676943 -0.02414900449582515 0.7913375080282594 0.13096410475986597 0.9488278741168915 0.17403839292085943
2 0.6550503827293386 0.27344868370343806 0.6297818741777299 0.1653935600473097 0.44912869274010286 0.2989100187377906 0.47439720129171153 0.40696514239391895
2 0.7571711653813196 0.3327715890697896 0.7409383033419024 0.22146053508521382 0.6379338046272494 0.2689358595956712 0.6541666666666667 0.380246913580247
2 0.84479849554547 0.2778300741487832 0.7657515969070434 0.04854784184083229 0.6842000756429653 0.13740684708914672 0.7632469742813919 0.36668907939709766
2 0.7277777777777777 0.04938271604938286 0.6480482307865676 0.004956301805524348 0.6157992449853504 0.1878711842335914 0.6955287919765607 0.2322975984774499
2 0.8013318112633182 0.00466768138001033 0.7295395738203958 -0.00876712328767106 0.7226522070015221 0.10755284965330644 0.7944444444444444 0.12098765432098783
2 0.5595191256830601 0.9867864804695405 0.5522677595628415 0.7354057883019631 0.39829234972677585 0.7494434325035417 0.4055437158469944 1.0008241246711191
2 0.24027777777777778 0.9950617283950616 0.23970029408495977 0.8780250333172801 0.08136696075162644 0.8804941691197492 0.08194444444444443 0.9975308641975307
2 0.19166666666666674 0.6543209876543211 0.12101610134375189 0.5926623124634136 0.08113863730539284 0.7370745279109691 0.15178920262830767 0.7987332031018766