2 0.14888888888888888 0.05111111111111112 0.04000000000000001 0.051111111111111114 0.04000000000000002 0.24 0.14888888888888888 0.24
2 0.6911111111111111 0.5222222222222224 0.5844444444444444 0.5222222222222224 0.5844444444444444 0.7111111111111111 0.6911111111111111 0.7111111111111111
2 0.6911111111111111 0.7533333333333333 0.5888888888888889 0.7533333333333333 0.5888888888888889 0.9444444444444444 0.6911111111111111 0.9444444444444444
2 0.42444444444444457 0.7533333333333333 0.32222222222222235 0.7533333333333333 0.32222222222222235 0.9488888888888889 0.42444444444444457 0.9488888888888889
2 0.5605472839204839 0.7516404957557021 0.4606411195183469 0.7500794619369188 0.45760800585794503 0.9441987362026416 0.5575141702600821 0.945759770021425
2 0.9581849148418491 0.47950851581508513 0.952838605028386 0.2816950527169505 0.8507510137875102 0.2844541768045417 0.8560973236009732 0.4822676399026764
2 0.2800000000000001 0.28444444444444444 0.17111111111111119 0.28444444444444444 0.17111111111111119 0.4777777777777778 0.2800000000000001 0.4777777777777778
2 0.14222222222222228 0.2822222222222222 0.04000000000000003 0.2822222222222222 0.04000000000000005 0.48 0.14222222222222228 0.48
2 0.148888888888889 0.7555555555555555 0.0400000000000001 0.7555555555555555 0.040000000000000105 0.9488888888888889 0.14888888888888901 0.9488888888888889
2 0.28888888888888903 0.7555555555555555 0.1800000000000001 0.7555555555555555 0.18000000000000013 0.9444444444444444 0.28888888888888903 0.9444444444444444
2 0.6902118604866314 0.048507725043944946 0.590389490239615 0.04647053381441399 0.5864492552502543 0.23954204829308917 0.6862716254972707 0.24157923952262012