2 0.521468099434896 0.5026441968168538 0.42870067887782304 0.16657027527300558 0.3098740541512773 0.27016748314389566 0.40264147470835027 0.6062414046877438
2 0.36151603498542273 0.044041450777202146 0.07142857142857144 0.04404145077720212 0.07142857142857145 0.23316062176165805 0.36151603498542273 0.2331606217616581
2 0.45921042073447993 0.10464895184674625 0.4342151015058711 -0.04342349194276748 0.3179982346805039 0.018538765033037002 0.3429935539091128 0.16661120882255073
2 0.7745132740214788 0.045169254028707556 0.6021831078605401 0.03085778073608198 0.597674880106678 0.2023152592795969 0.7700050462676169 0.21662673257222245
2 0.5291545189504374 0.025906735751295484 0.47813194852371455 -0.000850535106989266 0.44760511303232214 0.18300466897660397 0.49862768345904496 0.20976193983488872
2 0.6231017496178018 0.132228472149489 0.598243795564769 -0.01193003641113154 0.47951522378953265 0.052732683149224115 0.5043731778425654 0.19689119170984462
2 0.6657434402332362 0.28523316062176163 0.6352769679300292 0.1227979274611399 0.45335276967930027 0.23056994818652854 0.48381924198250725 0.39300518134715023
2 0.6554953517795259 0.43110274709160235 0.5949172121678861 0.2373154756085639 0.489589636393641 0.3413090233649428 0.5501677760052809 0.5350962948479813
2 0.5652507866764674 0.743537994099429 0.5623551565506818 0.5274009599436363 0.4005351877699683 0.5342482643220949 0.40343081789575397 0.7503852984778876
2 0.4196008073559093 0.4709047429254683 0.24411302982731556 0.4085292945396572 0.2193877551020408 0.6282383419689119 0.39487553263063463 0.690613790354723
2 0.2944606413994169 0.3549222797927462 0.187806442628571 0.21439675025270627 0.11714015029705398 0.3837948969743835 0.2237943490678999 0.5243204265144235
2 0.3600583090379008 0.46113989637305713 0.3422300354038566 0.3315217128867299 0.191349286352805 0.3970684102004452 0.2091775599868492 0.5266865936867725
2 0.15135950149526398 0.33964508883897815 0.09430173050213343 0.1748649069358892 -0.051852500656915095 0.3347083546443105 0.005205270336215441 0.49948853654739933
2 0.1963444718546759 0.23176564368274222 0.09576138147566716 0.1125946592267836 0.05539358600583091 0.22020725388601037 0.15597667638483967 0.339378238341969
2 0.3380895215228948 0.827247790307833 0.2678014062767964 0.6309509295946358 0.0691562339221403 0.8556080463273392 0.1394443491682387 1.0519049070405364
2 0.2521260795423291 0.7239515104115748 0.2282798833819242 0.49792746113989644 0.058677595027229225 0.5544432495845146 0.08252379118763409 0.780467298856193
2 0.4970845481049563 0.9974093264248703 0.42836171516937316 0.6606145730227105 0.30367916338665357 0.7409699680935187 0.3724019963222367 1.0777647214956785
2 0.3329164878424176 0.9464506456957996 0.3247473028370159 0.7431945503800531 0.22881857601633837 0.7553720312458905 0.2369877610217401 0.958628126561637
2 0.5119342350523347 0.8105070924997877 0.4751326291640777 0.6610124861972311 0.42565597667638466 0.6994818652849744 0.4624575825646417 0.848976471587531
2 0.4970845481049561 0.9974093264248705 0.4255834201812592 0.6416078587672615 0.29824017519095547 0.72243452981033 0.3697413031146524 1.078235997467939
2 0.7507793782293681 0.6998794439029397 0.6330283174090003 0.4441081413840867 0.5395967439309528 0.5799646026778845 0.6573478047513205 0.8357359051967375
2 0.9362700108408499 0.7584809487289802 0.762536443148688 0.37487046632124366 0.6640399532685689 0.5157628925758966 0.8377735209607308 0.8993733749836331
2 0.9985422740524781 0.2823834196891194 0.8979591836734694 0.2823834196891194 0.8979591836734694 0.5518134715025909 0.9985422740524781 0.5518134715025909
2 0.7867191046882436 0.742177915601396 0.5352884547010978 0.6720848846591296 0.5156143508059885 0.894985855797179 0.7670450007931342 0.9650788867394454
2 1.033829295264904 0.12569233517956063 0.8603599075098018 -0.006432017152045655 0.8138383432190609 0.18648383062354848 0.987307730974163 0.31860818295515475
2 0.9272024835755243 0.3920518745482863 0.9146508617480112 0.1657975101031179 0.7653201555671385 0.19196280423872875 0.7778717773946514 0.41821716868389713