2 0.5872634480703324 0.3264521401430488 0.485036227834898 0.3081179104269111 0.4424452391595888 0.44169873854492625 0.5446724593950232 0.460032968261064
2 0.5899464831804282 0.2953089162844036 0.48306574923547413 0.21013833142201838 0.4117450305810398 0.26048236811926606 0.5186257645259938 0.3456529529816513
2 0.47172503031878027 0.27878727585758833 0.4380170434857935 0.21213739280145535 0.27394371534996537 0.25881342580561334 0.3076517021829522 0.32546330886174635
2 0.26439950980392163 0.28492647058823534 0.17677696078431374 0.2684972426470589 0.13694852941176472 0.38798253676470595 0.22457107843137258 0.4044117647058824
2 0.17447916666666674 0.259765625 0.12172318572570977 0.2516907299580168 0.09568151905904308 0.3473938549580168 0.14843750000000006 0.35546875
2 0.4615428056913053 0.5528316136606598 0.44328023187741805 0.3966866075519242 0.34661903761962937 0.40304589664783136 0.36488161143351655 0.559190902756567
2 0.8463541666666669 0.4238281250000001 0.7109375 0.32226562500000006 0.6380208333333334 0.3769531250000001 0.7734375 0.47851562500000017
2 0.7083264892685065 0.3298779361038108 0.5770573258869909 0.23634865719448095 0.5141843243539204 0.2859852373521682 0.6454534877354359 0.379514516261498
2 0.8747408690973542 0.3121009186289404 0.725633782757311 0.2392811787884543 0.6700808646664135 0.3032662362324346 0.8191879510064566 0.3760859760729207
2 0.9092638108614232 0.421194698033708 0.8172401685393259 0.31076632724719117 0.7458450374531836 0.3442327949438203 0.8378686797752809 0.4546611657303372
2 0.4478885135135135 0.1981735641891892 0.42103040540540543 0.1327069256756757 0.26219031531531534 0.16936233108108112 0.2890484234234234 0.23482896959459462
2 0.3373908168083098 0.20202947946175642 0.22614937440982064 0.16276779390934848 0.16288214117091598 0.26359994688385274 0.27412358356940514 0.3028616324362607
2 0.38300480769230766 0.24283052884615386 0.37913461538461535 0.1905829326923077 0.30081730769230763 0.19384615384615386 0.30468749999999994 0.24609375000000003
2 0.3666666666666667 0.43476562500000004 0.3229166666666667 0.369140625 0.159375 0.43046875 0.203125 0.49609375000000006
2 0.47436735647867395 0.665470787219527 0.41419831463513246 0.6077085070497271 0.2748714498686073 0.689345341873863 0.33504049171214884 0.7471076220436629
2 0.6464914259927799 0.7678954196750905 0.5717320998796631 0.7318507445848377 0.4745976233453672 0.8451743005415163 0.5493569494584839 0.881218975631769
2 0.5052083333333334 0.87109375 0.4783781889543033 0.8046891426619006 0.3610724172974488 0.8313495453111858 0.3879025616764788 0.8977541526492852