2 0.2598220369056068 0.38108090844570613 0.08876454932576298 0.29043506032647265 0.06252235628105042 0.378473385379702 0.23357984386089428 0.4691192334989355
2 0.6076990674318508 0.38336920133907226 0.568330344332855 0.3144739359158297 0.4684522955523673 0.41593735054997605 0.507821018651363 0.48483261597321853
2 0.7940151843817788 0.07769486623282716 0.755887201735358 0.006885755603759947 0.6426941431670281 0.11524150397686189 0.6808221258134489 0.18605061460592912
2 0.8483407473309609 0.25941281138790045 0.7377357651245551 0.21332740213523138 0.7173176156583628 0.3004448398576513 0.8279225978647686 0.3465302491103204
2 0.9953416370106762 0.33219098457888513 0.8639323843416372 0.3037781731909847 0.8529039145907474 0.3944567022538555 0.9843131672597865 0.42286951364175585
2 0.8364830823080186 0.34661186536557786 0.7156727301654645 0.31054907368123336 0.7013974331777684 0.39556639796351317 0.8222077853203225 0.4316291896478576
2 1.0018440594059406 0.20125412541254128 0.9959034653465346 0.12204620462046205 0.8840222772277229 0.13696369636963698 0.8899628712871287 0.21617161716171618
2 0.875894215708212 0.2097519952263743 0.8025450324457372 0.06820093980756325 0.7427022264488699 0.12332885805922279 0.8160514097113446 0.2648799134780338
2 0.13973807004040795 0.14765345391572063 0.0008231912641908878 0.07551520107754472 -0.0232495911102559 0.15792652812520042 0.11566528766596114 0.23006478096337632
2 0.21952432885906042 0.6307393736017898 0.1794672818791947 0.5587527964205818 0.06225503355704703 0.6747046979865773 0.10231208053691276 0.7466912751677852
2 0.3106550708724297 0.8108890663472417 0.20533339988021568 0.7503966194183802 0.18013675384308253 0.8283862381047448 0.2854584248352966 0.8888786850336062
2 0.34636739350912776 0.8987589587559162 0.3218047667342799 0.8322021636240703 0.17229158215010137 0.9302954699121028 0.1968542089249492 0.9968522650439486
2 0.1849111675126904 0.9133248730964468 0.06409898477157368 0.9018189509306263 0.05968908629441634 0.9841370558375634 0.18050126903553307 0.9956429780033841
2 0.63875 0.6733333333333335 0.55625 0.6733333333333333 0.55625 0.8266666666666668 0.6387500000000002 0.8266666666666669
2 0.6412012195121952 0.8347479674796747 0.6127286585365854 0.7760772357723578 0.5002591463414634 0.873109756097561 0.5287317073170731 0.931780487804878
2 0.5632720588235294 0.7850490196078431 0.5306249999999999 0.7124999999999999 0.4328308823529411 0.790735294117647 0.46547794117647057 0.8632843137254902
2 0.4162405269651041 0.5760877100223241 0.2967811508635884 0.5612216543296911 0.2911678269298556 0.6414119962401599 0.4106272030313713 0.6562780519327929