2 0.5740882657017318 0.292043881565722 0.501597635047816 0.27278711122598437 0.47827684802274484 0.5502446799345223 0.5507674786766606 0.5695014502742598
2 0.7495937720536344 0.45579785148592517 0.7127972829922371 0.33281580804516603 0.5816152081863091 0.4568650513604643 0.6184116972477064 0.5798470948012234
2 0.7542788461538463 0.7913675213675214 0.7226923076923079 0.5105982905982904 0.6416826923076926 0.5394017094017093 0.673269230769231 0.8201709401709402
2 0.8062500000000001 0.9977777777777777 0.7473500000000002 0.7714666666666665 0.670269266055046 0.834869724770642 0.7291692660550458 1.0611808358817532
2 0.7321029580700745 0.9705341757610569 0.6248104537622057 0.7732146276086542 0.5566384261918439 0.8903695194332761 0.6639309304997127 1.0876890675856787
2 0.94875 0.417777777777778 0.843125 0.23000000000000026 0.789375 0.32555555555555576 0.895 0.5133333333333335
2 0.8473526033690658 0.2545992853496682 0.8144295558958652 0.15554874936191948 0.710999234303216 0.26420282457035915 0.7439222817764165 0.36325336055810786
2 0.7137622950819673 0.2739817850637523 0.7017295081967214 0.18306739526411658 0.6571393442622951 0.20171948998178502 0.669172131147541 0.29263387978142075
2 0.705 0.34000000000000014 0.6765735958683021 0.24173588695215573 0.5806851194318915 0.32940535112258823 0.6091115235635894 0.4276694641704326
2 0.9388676470588234 0.706169934640523 0.8846029411764704 0.5936209150326798 0.7783676470588233 0.7555032679738564 0.8326323529411763 0.8680522875816996
2 0.8618339587242025 0.9868959766520743 0.7989704502814257 0.7708317698561604 0.7531308630393994 0.8129831144465294 0.8159943714821761 1.0290473212424431
2 0.39875000000000005 0.5088888888888891 0.34625 0.4155555555555557 0.29625 0.5044444444444446 0.34875000000000006 0.5977777777777779